{
  "accessors": [
    {
      "bufferView": 2,
      "componentType": 5126,
      "count": 40475,
      "max": [
        -0.5422579646110535,
        0.5381140112876892,
        22.008869171142578
      ],
      "min": [
        -1.2870606184005737,
        -0.1188715249300003,
        21.12087631225586
      ],
      "type": "VEC3"
    },
    {
      "bufferView": 2,
      "byteOffset": 485700,
      "componentType": 5126,
      "count": 40475,
      "max": [
        0.9999502301216125,
        0.999981164932251,
        0.9999802708625793
      ],
      "min": [
        -0.9998452067375183,
        -0.9999195337295532,
        -0.9998872876167297
      ],
      "type": "VEC3"
    },
    {
      "bufferView": 1,
      "componentType": 5126,
      "count": 40475,
      "max": [
        0.9998940825462341,
        0.9987616539001465
      ],
      "min": [
        0.0,
        0.0
      ],
      "type": "VEC2"
    },
    {
      "bufferView": 0,
      "componentType": 5125,
      "count": 208164,
      "type": "SCALAR"
    }
  ],
  "asset": {
    "extras": {
      "author": "avi (https://sketchfab.com/avi)",
      "license": "CC-BY-4.0 (http://creativecommons.org/licenses/by/4.0/)",
      "source": "https://sketchfab.com/3d-models/plant-in-a-pot-16b1d3a8d213461ca69838d1fa2189be",
      "title": "Plant in a Pot"
    },
    "generator": "Sketchfab-11.25.0",
    "version": "2.0"
  },
  "bufferViews": [
    {
      "buffer": 0,
      "byteLength": 832656,
      "name": "floatBufferViews",
      "target": 34963
    },
    {
      "buffer": 0,
      "byteLength": 323800,
      "byteOffset": 832656,
      "byteStride": 8,
      "name": "floatBufferViews",
      "target": 34962
    },
    {
      "buffer": 0,
      "byteLength": 971400,
      "byteOffset": 1156456,
      "byteStride": 12,
      "name": "floatBufferViews",
      "target": 34962
    }
  ],
  "buffers": [
    {
      "byteLength": 2127856,
      "uri": "scene.bin"
    }
  ],
  "extensionsUsed": [
    "KHR_materials_unlit"
  ],
  "images": [
    {
      "uri": "textures/material0_baseColor.jpeg"
    }
  ],
  "materials": [
    {
      "doubleSided": true,
      "extensions": {
        "KHR_materials_unlit": {}
      },
      "name": "material0",
      "pbrMetallicRoughness": {
        "baseColorFactor": [
          0.4394825164620689,
          0.4394825164620689,
          0.4394825164620689,
          1.0
        ],
        "baseColorTexture": {
          "index": 0
        },
        "metallicFactor": 0.0
      }
    }
  ],
  "meshes": [
    {
      "name": "Model_material0_0",
      "primitives": [
        {
          "attributes": {
            "NORMAL": 1,
            "POSITION": 0,
            "TEXCOORD_0": 2
          },
          "indices": 3,
          "material": 0,
          "mode": 4
        }
      ]
    }
  ],
  "nodes": [
    {
      "children": [
        1
      ],
      "matrix": [
        0.9888268709182739,
        -0.14602228999137878,
        -0.029982717707753213,
        0.0,
        -0.021967850625514984,
        -0.34168034791946433,
        0.9395594596862792,
        0.0,
        -0.14744113385677338,
        -0.9284029603004454,
        -0.3410705029964449,
        0.0,
        -3.1943769454956055,
        -41.790992736816406,
        -6.97600221633912,
        1.0
      ],
      "name": "Sketchfab_model"
    },
    {
      "children": [
        2
      ],
      "matrix": [
        1.0,
        0.0,
        0.0,
        0.0,
        0.0,
        -1.0,
        0.0,
        0.0,
        0.0,
        0.0,
        -1.0,
        0.0,
        0.0,
        0.0,
        0.0,
        1.0
      ],
      "name": "plant.fbx"
    },
    {
      "children": [
        3,
        5,
        7,
        9,
        11,
        13,
        15,
        17,
        19,
        21,
        23,
        25,
        27,
        29,
        31,
        33,
        35,
        37,
        39,
        41,
        43,
        45,
        47,
        49,
        51,
        53,
        55,
        57,
        59,
        61,
        63,
        65,
        67,
        69,
        71,
        73,
        75,
        77,
        79,
        81,
        83,
        85,
        87,
        89,
        91,
        93,
        95,
        97,
        99,
        101,
        103,
        105,
        107,
        109,
        111,
        113,
        115,
        117,
        119,
        121,
        123,
        125,
        127,
        129,
        131,
        133,
        135,
        137,
        139,
        141,
        143,
        145,
        147,
        149,
        151,
        153,
        155,
        157,
        159,
        161,
        163,
        165,
        167,
        169,
        171,
        173,
        175,
        177,
        179,
        181,
        183,
        185,
        187,
        189,
        191,
        193,
        195,
        197,
        199,
        201,
        203,
        205,
        207,
        209,
        211,
        213,
        215,
        217,
        219,
        221,
        223,
        225,
        227,
        229,
        231,
        233,
        235,
        237,
        239,
        241,
        243,
        245,
        247,
        249,
        251,
        253,
        255,
        257,
        259,
        261,
        263,
        265,
        267,
        269,
        271,
        273,
        275,
        277,
        279,
        281,
        283,
        285,
        287,
        289,
        291,
        293,
        295,
        297,
        299,
        301,
        303,
        305,
        307,
        309,
        311,
        313,
        315,
        317,
        319,
        321,
        323,
        325,
        327
      ],
      "name": "RootNode"
    },
    {
      "children": [
        4
      ],
      "name": "Model"
    },
    {
      "mesh": 0,
      "name": "Model_material0_0"
    },
    {
      "children": [
        6
      ],
      "matrix": [
        -0.29101765118823075,
        -0.7546747585612892,
        -0.5880261350376744,
        0.0,
        -0.5798680362316746,
        -0.3497314648424563,
        0.7358267208086231,
        0.0,
        -0.7609610944415665,
        0.5551161241484612,
        -0.335833740795477,
        0.0,
        -0.1306355595588684,
        2.0978846549987793,
        22.92194175720215,
        1.0
      ],
      "name": "IMG_3442"
    },
    {
      "name": "Object_6"
    },
    {
      "children": [
        8
      ],
      "matrix": [
        -0.3053798891160353,
        -0.7488687415679542,
        -0.5881655644679536,
        0.0,
        -0.5889511817227477,
        -0.33681929053242987,
        0.7346354681558804,
        0.0,
        -0.7482510466887814,
        0.5707437020481778,
        -0.33818929270673825,
        0.0,
        -0.0856039747595787,
        2.0674614906311035,
        22.941566467285156,
        1.0
      ],
      "name": "IMG_3443"
    },
    {
      "name": "Object_8"
    },
    {
      "children": [
        10
      ],
      "matrix": [
        -0.327708920050207,
        -0.7311282347519054,
        -0.5983797858117286,
        0.0,
        -0.6036913785479611,
        -0.3251475152408956,
        0.7278982159612248,
        0.0,
        -0.7267486382418542,
        0.5997754560510413,
        -0.33482207085611315,
        0.0,
        -0.03128795698285103,
        2.0219919681549072,
        22.96286964416504,
        1.0
      ],
      "name": "IMG_3444"
    },
    {
      "name": "Object_10"
    },
    {
      "children": [
        12
      ],
      "matrix": [
        -0.37105093381846666,
        -0.6953891382434628,
        -0.615430866081202,
        0.0,
        -0.630482161481457,
        -0.2979210991395074,
        0.7167532788492691,
        0.0,
        -0.6817722849794601,
        0.6539701561237502,
        -0.32788654491052815,
        0.0,
        0.06055580824613571,
        1.915310025215149,
        23.0023250579834,
        1.0
      ],
      "name": "IMG_3445"
    },
    {
      "name": "Object_12"
    },
    {
      "children": [
        14
      ],
      "matrix": [
        -0.3862239602877935,
        -0.6792541403134787,
        -0.624055178142614,
        0.0,
        -0.6444963999911374,
        -0.2852836189547574,
        0.7093924493216295,
        0.0,
        -0.6598904779568173,
        0.6761856768840002,
        -0.3275934789931716,
        0.0,
        0.12392532825469971,
        1.8494490385055542,
        23.033123016357422,
        1.0
      ],
      "name": "IMG_3446"
    },
    {
      "name": "Object_14"
    },
    {
      "children": [
        16
      ],
      "matrix": [
        -0.4204016082354416,
        -0.6400090992193121,
        -0.6431569331893568,
        0.0,
        -0.6778838903114113,
        -0.24961576002462782,
        0.6914950495871927,
        0.0,
        -0.6031052304940828,
        0.7266913548844599,
        -0.3289129910582236,
        0.0,
        0.2046419382095337,
        1.7682240009307861,
        23.045459747314453,
        1.0
      ],
      "name": "IMG_3447"
    },
    {
      "name": "Object_16"
    },
    {
      "children": [
        18
      ],
      "matrix": [
        -0.45248936790400696,
        -0.5932389488960449,
        -0.6658234912096059,
        0.0,
        -0.722430932865156,
        -0.1938809891461255,
        0.663704534629153,
        0.0,
        -0.5228258975733824,
        0.7813307312274591,
        -0.3408450810355803,
        0.0,
        0.2184138298034668,
        1.5757801532745361,
        23.123428344726563,
        1.0
      ],
      "name": "IMG_3448"
    },
    {
      "name": "Object_18"
    },
    {
      "children": [
        20
      ],
      "matrix": [
        -0.4536580640021475,
        -0.489371762080739,
        -0.7447883185468311,
        0.0,
        -0.8082766563884947,
        -0.12605035233684214,
        0.5751522888880765,
        0.0,
        -0.3753441190471205,
        0.8629174857156103,
        -0.3383640127776455,
        0.0,
        0.20896364748477936,
        1.318730354309082,
        23.178491592407227,
        1.0
      ],
      "name": "IMG_3449"
    },
    {
      "name": "Object_20"
    },
    {
      "children": [
        22
      ],
      "matrix": [
        -0.46417622523426383,
        -0.39649478419616724,
        -0.7920431288967188,
        0.0,
        -0.856211067561258,
        -0.028123116051631314,
        0.515860153655191,
        0.0,
        -0.22681058113077646,
        0.9176061118196528,
        -0.32642914060839945,
        0.0,
        0.10957460850477219,
        1.07926607131958,
        23.274511337280273,
        1.0
      ],
      "name": "IMG_3450"
    },
    {
      "name": "Object_22"
    },
    {
      "children": [
        24
      ],
      "matrix": [
        -0.44595344432425366,
        -0.3143019888462664,
        -0.8380571491865074,
        0.0,
        -0.8872959129775437,
        0.03221132402144322,
        0.4600743346657501,
        0.0,
        -0.11760734802163458,
        0.9487764175041804,
        -0.2932436210376128,
        0.0,
        0.09889091551303864,
        0.8140997886657715,
        23.348268508911133,
        1.0
      ],
      "name": "IMG_3451"
    },
    {
      "name": "Object_24"
    },
    {
      "children": [
        26
      ],
      "matrix": [
        -0.45234960213796116,
        -0.24546675114885375,
        -0.8573948399226899,
        0.0,
        -0.8916308359819882,
        0.10361863631088597,
        0.4407466738786956,
        0.0,
        -0.01934657002388729,
        0.9638512604595686,
        -0.2657375734419425,
        0.0,
        0.05351569876074791,
        0.6947303414344788,
        23.384885787963867,
        1.0
      ],
      "name": "IMG_3452"
    },
    {
      "name": "Object_26"
    },
    {
      "children": [
        28
      ],
      "matrix": [
        -0.4626742349391777,
        -0.09544965431465707,
        -0.881375014289978,
        0.0,
        -0.8507182699817248,
        0.3275130794001754,
        0.41111264629188393,
        0.0,
        0.2494212850635401,
        0.9400130564588063,
        -0.23273262823296914,
        0.0,
        0.15492349863052368,
        0.4805649220943451,
        23.47723388671875,
        1.0
      ],
      "name": "IMG_3453"
    },
    {
      "name": "Object_28"
    },
    {
      "children": [
        30
      ],
      "matrix": [
        -0.4667489092787085,
        -0.06314068426092939,
        -0.8821330453385121,
        0.0,
        -0.8112373116395617,
        0.427782828607045,
        0.3986174554040152,
        0.0,
        0.35219239045009537,
        0.9016735027381126,
        -0.25088924761541764,
        0.0,
        0.19287505745887756,
        0.39373481273651123,
        23.48505401611328,
        1.0
      ],
      "name": "IMG_3454"
    },
    {
      "name": "Object_30"
    },
    {
      "children": [
        32
      ],
      "matrix": [
        -0.4510964621045688,
        -0.01155844831880981,
        -0.8924003497025326,
        0.0,
        -0.7766392495253617,
        0.4977267101462184,
        0.38613417111634296,
        0.0,
        0.4397083783298017,
        0.8672568963574078,
        -0.23349950266990338,
        0.0,
        0.1869262307882309,
        0.3391762971878052,
        23.47797393798828,
        1.0
      ],
      "name": "IMG_3455"
    },
    {
      "name": "Object_32"
    },
    {
      "children": [
        34
      ],
      "matrix": [
        -0.454898796090881,
        0.019378330955831247,
        -0.8903322781997929,
        0.0,
        -0.7497278682003135,
        0.5312080766553361,
        0.3946214679157127,
        0.0,
        0.48059880249422227,
        0.8470197515911331,
        -0.22711743978746934,
        0.0,
        0.19876879453659058,
        0.20442554354667664,
        23.53129005432129,
        1.0
      ],
      "name": "IMG_3456"
    },
    {
      "name": "Object_34"
    },
    {
      "children": [
        36
      ],
      "matrix": [
        -0.4274143731435718,
        0.05517767504959059,
        -0.9023704216154305,
        0.0,
        -0.720464809418942,
        0.5821628677201027,
        0.37685123568436635,
        0.0,
        0.5461203274180659,
        0.8111977685028653,
        -0.20907120403526847,
        0.0,
        0.09990090876817703,
        0.07420763373374939,
        23.532791137695313,
        1.0
      ],
      "name": "IMG_3457"
    },
    {
      "name": "Object_36"
    },
    {
      "children": [
        38
      ],
      "matrix": [
        -0.37757159771250026,
        0.15076417071118814,
        -0.9136245691916334,
        0.0,
        -0.679423944812229,
        0.6252639822014238,
        0.3839636125694813,
        0.0,
        0.6291444920021307,
        0.7657121635388754,
        -0.1336491331509322,
        0.0,
        -0.07626868784427643,
        -0.12925677001476288,
        23.523529052734375,
        1.0
      ],
      "name": "IMG_3458"
    },
    {
      "name": "Object_38"
    },
    {
      "children": [
        40
      ],
      "matrix": [
        -0.30438204103441846,
        0.25144955234096644,
        -0.9187625894229963,
        0.0,
        -0.6388876762319791,
        0.6615165839088245,
        0.39270643790559523,
        0.0,
        0.7065225475911039,
        0.7065188828623951,
        -0.040705747803592596,
        0.0,
        -0.3032591938972473,
        -0.4270398020744324,
        23.547380447387695,
        1.0
      ],
      "name": "IMG_3459"
    },
    {
      "name": "Object_40"
    },
    {
      "children": [
        42
      ],
      "matrix": [
        -0.2536347956408569,
        0.32292790842583163,
        -0.9118042314005449,
        0.0,
        -0.5840925376184217,
        0.7002457796856973,
        0.41047747262284984,
        0.0,
        0.771041696627811,
        0.6366894172138308,
        0.011013086271299044,
        0.0,
        -0.3637861907482147,
        -0.48243430256843567,
        23.523351669311523,
        1.0
      ],
      "name": "IMG_3460"
    },
    {
      "name": "Object_42"
    },
    {
      "children": [
        44
      ],
      "matrix": [
        -0.19483419446549366,
        0.37198152479334573,
        -0.9075623294735187,
        0.0,
        -0.5395299380900194,
        0.7320845571541801,
        0.4158841750787685,
        0.0,
        0.8191135956456601,
        0.5706855056760995,
        0.05806006406862252,
        0.0,
        -0.4685527980327606,
        -0.5748388767242432,
        23.51470375061035,
        1.0
      ],
      "name": "IMG_3461"
    },
    {
      "name": "Object_44"
    },
    {
      "children": [
        46
      ],
      "matrix": [
        -0.05256271680381519,
        0.4355970692775262,
        -0.898605783444015,
        0.0,
        -0.47895386713415505,
        0.7786017432024654,
        0.40544114078287635,
        0.0,
        0.8762650021308852,
        0.4517018028732141,
        0.16770547791186763,
        0.0,
        -0.7235713601112366,
        -0.6973229646682739,
        23.426013946533203,
        1.0
      ],
      "name": "IMG_3462"
    },
    {
      "name": "Object_46"
    },
    {
      "children": [
        48
      ],
      "matrix": [
        0.13985378414263505,
        0.4868511329448126,
        -0.862216268352284,
        0.0,
        -0.33955338561147813,
        0.8415539465788702,
        0.42010766871994976,
        0.0,
        0.9301313979114822,
        0.23401480583048728,
        0.28300645446941886,
        0.0,
        -1.140307068824768,
        -0.8390408754348755,
        23.379199981689453,
        1.0
      ],
      "name": "IMG_3463"
    },
    {
      "name": "Object_48"
    },
    {
      "children": [
        50
      ],
      "matrix": [
        0.16152618525230977,
        0.5053553527757083,
        -0.8476586924575101,
        0.0,
        -0.31669435770456417,
        0.8400525885517989,
        0.44047285077007364,
        0.0,
        0.9346731916963972,
        0.19730082586842196,
        0.2957336788999667,
        0.0,
        -1.227791666984558,
        -0.8883084654808044,
        23.326183319091797,
        1.0
      ],
      "name": "IMG_3464"
    },
    {
      "name": "Object_50"
    },
    {
      "children": [
        52
      ],
      "matrix": [
        0.2344966639134417,
        0.5247884311580955,
        -0.818296044922674,
        0.0,
        -0.2896655607509871,
        0.8412497686045439,
        0.45650048164007184,
        0.0,
        0.9279575300240214,
        0.12998434269336512,
        0.3492833994427609,
        0.0,
        -1.364218831062317,
        -0.9346844553947449,
        23.248868942260742,
        1.0
      ],
      "name": "IMG_3465"
    },
    {
      "name": "Object_52"
    },
    {
      "children": [
        54
      ],
      "matrix": [
        0.41366033836554505,
        0.49933521017198446,
        -0.7612814672286479,
        0.0,
        -0.14881881417674006,
        0.8620152880394398,
        0.4845437067317153,
        0.0,
        0.8981859968905836,
        -0.08714350847184063,
        0.4308920095811555,
        0.0,
        -1.7827554941177368,
        -0.869099497795105,
        23.16519546508789,
        1.0
      ],
      "name": "IMG_3466"
    },
    {
      "name": "Object_54"
    },
    {
      "children": [
        56
      ],
      "matrix": [
        0.5363874879137888,
        0.4830549164481984,
        -0.69205954260075,
        0.0,
        -0.0014137518553182793,
        0.8205162439552015,
        0.5716214610311092,
        0.0,
        0.8439706535865016,
        -0.30563219905774386,
        0.44079756667193726,
        0.0,
        -2.058255910873413,
        -0.8246183395385742,
        23.13147735595703,
        1.0
      ],
      "name": "IMG_3467"
    },
    {
      "name": "Object_56"
    },
    {
      "children": [
        58
      ],
      "matrix": [
        0.570474588521278,
        0.46358631115995697,
        -0.6779723268368572,
        0.0,
        0.05962934810785961,
        0.7999150594039689,
        0.5971433986765462,
        0.0,
        0.8191477795219311,
        -0.38108218253265064,
        0.42868786483925714,
        0.0,
        -2.112089157104492,
        -0.8414767384529114,
        23.1602783203125,
        1.0
      ],
      "name": "IMG_3468"
    },
    {
      "name": "Object_58"
    },
    {
      "children": [
        60
      ],
      "matrix": [
        0.6612126140932428,
        0.3605183154912692,
        -0.6578939300216395,
        0.0,
        0.14262439465666654,
        0.8005553651564596,
        0.582038992996197,
        0.0,
        0.7365162326879156,
        -0.47868324758084574,
        0.47791859921188984,
        0.0,
        -2.313655138015747,
        -0.6121212840080261,
        22.996902465820313,
        1.0
      ],
      "name": "IMG_3469"
    },
    {
      "name": "Object_60"
    },
    {
      "children": [
        62
      ],
      "matrix": [
        0.737387979337412,
        0.2961264497010262,
        -0.6070980923344712,
        0.0,
        0.16363995448766636,
        0.7936897252654842,
        0.5858998082464909,
        0.0,
        0.6553479482106913,
        -0.5313809798962189,
        0.5367991439827109,
        0.0,
        -2.4630908966064453,
        -0.43187376856803894,
        22.878877639770508,
        1.0
      ],
      "name": "IMG_3470"
    },
    {
      "name": "Object_62"
    },
    {
      "children": [
        64
      ],
      "matrix": [
        0.8032427908585604,
        0.16613011776249864,
        -0.5720155617690564,
        0.0,
        0.2872306063155966,
        0.7332622932704207,
        0.616299430523328,
        0.0,
        0.5218233395789477,
        -0.6593384512069822,
        0.541269996425677,
        0.0,
        -2.5787501335144043,
        -0.21327783167362213,
        22.75840187072754,
        1.0
      ],
      "name": "IMG_3471"
    },
    {
      "name": "Object_64"
    },
    {
      "children": [
        66
      ],
      "matrix": [
        0.8569197285185948,
        0.0948389805574041,
        -0.5066499251381078,
        0.0,
        0.3286840333732538,
        0.6566246281212539,
        0.6788305414093527,
        0.0,
        0.3970584151999649,
        -0.7482310241572836,
        0.5315025394176729,
        0.0,
        -2.7053799629211426,
        -0.02132553979754448,
        22.680593490600586,
        1.0
      ],
      "name": "IMG_3472"
    },
    {
      "name": "Object_66"
    },
    {
      "children": [
        68
      ],
      "matrix": [
        0.8808248890674761,
        0.046110406749597044,
        -0.4711914103510961,
        0.0,
        0.35092003753318424,
        0.6044958658387647,
        0.7151502467604628,
        0.0,
        0.3178091283411741,
        -0.7952726441750836,
        0.5162739383019388,
        0.0,
        -2.786630630493164,
        0.11189401894807816,
        22.621084213256836,
        1.0
      ],
      "name": "IMG_3473"
    },
    {
      "name": "Object_68"
    },
    {
      "children": [
        70
      ],
      "matrix": [
        0.8985846637696567,
        -0.15752360101508261,
        -0.40955087249475375,
        0.0,
        0.4345425198918244,
        0.4491539960139487,
        0.7806622100952275,
        0.0,
        0.060978688441424594,
        -0.8794583577338627,
        0.4720535950165202,
        0.0,
        -2.8626675605773926,
        0.4560725688934326,
        22.546039581298828,
        1.0
      ],
      "name": "IMG_3474"
    },
    {
      "name": "Object_70"
    },
    {
      "children": [
        72
      ],
      "matrix": [
        0.8611599151184319,
        -0.28423207648728027,
        -0.4214448093035955,
        0.0,
        0.5020131417219458,
        0.3451872628900121,
        0.7929871115453033,
        0.0,
        -0.07991499315946082,
        -0.8944595464492682,
        0.43994967170585864,
        0.0,
        -2.7347488403320313,
        0.8137502074241638,
        22.491565704345703,
        1.0
      ],
      "name": "IMG_3475"
    },
    {
      "name": "Object_72"
    },
    {
      "children": [
        74
      ],
      "matrix": [
        0.8208667975378987,
        -0.39872020264581737,
        -0.4089008445845431,
        0.0,
        0.5288779828978021,
        0.2604635189792508,
        0.8077418117733521,
        0.0,
        -0.21555922598169283,
        -0.8793070881569327,
        0.4246801912158722,
        0.0,
        -2.643221616744995,
        1.0263885259628296,
        22.42165184020996,
        1.0
      ],
      "name": "IMG_3476"
    },
    {
      "name": "Object_74"
    },
    {
      "children": [
        76
      ],
      "matrix": [
        0.7869296068905708,
        -0.49926886624755773,
        -0.3625912202397213,
        0.0,
        0.4799631858680242,
        0.1259779503833478,
        0.8681963465879289,
        0.0,
        -0.38778490688842976,
        -0.8572398469582997,
        0.338766454620942,
        0.0,
        -2.552812337875366,
        1.2024602890014648,
        22.408479690551758,
        1.0
      ],
      "name": "IMG_3477"
    },
    {
      "name": "Object_76"
    },
    {
      "children": [
        78
      ],
      "matrix": [
        0.7762518095989128,
        -0.5224893197078652,
        -0.35275776233220657,
        0.0,
        0.42183125072375294,
        0.014646398339178246,
        0.9065560539362827,
        0.0,
        -0.46849922519386045,
        -0.8525200254579961,
        0.23177161643706523,
        0.0,
        -2.549177646636963,
        1.4055594205856323,
        22.370250701904297,
        1.0
      ],
      "name": "IMG_3478"
    },
    {
      "name": "Object_78"
    },
    {
      "children": [
        80
      ],
      "matrix": [
        0.7655977125346436,
        -0.5525379994103853,
        -0.32948733172808087,
        0.0,
        0.386022220917686,
        -0.0151480747335202,
        0.922365101675928,
        0.0,
        -0.5146328667307389,
        -0.8333500435227905,
        0.2016946143085251,
        0.0,
        -2.5314011573791504,
        1.4957306385040283,
        22.35624122619629,
        1.0
      ],
      "name": "IMG_3479"
    },
    {
      "name": "Object_80"
    },
    {
      "children": [
        82
      ],
      "matrix": [
        0.5376315136064849,
        -0.8121404871031804,
        -0.2266719761792555,
        0.0,
        0.28706832173123853,
        -0.07646643645620799,
        0.954853215292329,
        0.0,
        -0.7928077536424643,
        -0.5784295231949157,
        0.1920290406706553,
        0.0,
        -2.0112175941467285,
        2.1481759548187256,
        22.149534225463867,
        1.0
      ],
      "name": "IMG_3482"
    },
    {
      "name": "Object_82"
    },
    {
      "children": [
        84
      ],
      "matrix": [
        0.41869279911813817,
        -0.8881697464328834,
        -0.18934318442438353,
        0.0,
        0.10527555321365245,
        -0.15962201259429687,
        0.9815487104524694,
        0.0,
        -0.9020052094429265,
        -0.43090058553765503,
        0.02666997414937433,
        0.0,
        -1.6940120458602905,
        2.5192205905914307,
        22.13978385925293,
        1.0
      ],
      "name": "IMG_3483"
    },
    {
      "name": "Object_84"
    },
    {
      "children": [
        86
      ],
      "matrix": [
        0.38031753072700214,
        -0.9056314708427753,
        -0.18759055104366867,
        0.0,
        0.09262767576251424,
        -0.1645139166837719,
        0.9820159290460615,
        0.0,
        -0.9202057864980802,
        -0.39085395000756534,
        0.021319011678153643,
        0.0,
        -1.639991283416748,
        2.5524230003356934,
        22.122018814086914,
        1.0
      ],
      "name": "IMG_3484"
    },
    {
      "name": "Object_86"
    },
    {
      "children": [
        88
      ],
      "matrix": [
        0.05488496949071342,
        -0.9707701108984772,
        -0.2336515180994163,
        0.0,
        0.04116553154025743,
        -0.23160532596566386,
        0.9719384610135289,
        0.0,
        -0.9976437435963861,
        -0.06296320171732916,
        0.027250616369018266,
        0.0,
        -1.0586930513381958,
        2.7006123065948486,
        22.051403045654297,
        1.0
      ],
      "name": "IMG_3485"
    },
    {
      "name": "Object_88"
    },
    {
      "children": [
        90
      ],
      "matrix": [
        0.014491239917071352,
        -0.9736729268693449,
        -0.22748853915603934,
        0.0,
        -0.12558703131096033,
        -0.2274831144605889,
        0.9656496933162719,
        0.0,
        -0.9919767646130455,
        0.014576148908181763,
        -0.12557720474210576,
        0.0,
        -0.8143185377120972,
        2.7912778854370117,
        22.155643463134766,
        1.0
      ],
      "name": "IMG_3486"
    },
    {
      "name": "Object_90"
    },
    {
      "children": [
        92
      ],
      "matrix": [
        -0.10933046271911318,
        -0.9458370286825226,
        -0.30567820513514127,
        0.0,
        -0.21377337551710918,
        -0.27795225123999057,
        0.9365060010222264,
        0.0,
        -0.9707459986225262,
        0.16773449616473673,
        -0.1718061260686483,
        0.0,
        -0.44998735189437866,
        2.498441696166992,
        22.27383804321289,
        1.0
      ],
      "name": "IMG_3488"
    },
    {
      "name": "Object_92"
    },
    {
      "children": [
        94
      ],
      "matrix": [
        -0.15755363097788222,
        -0.9329188210168674,
        -0.3237890158084169,
        0.0,
        -0.25023390103016985,
        -0.2794658201270477,
        0.9269745682357957,
        0.0,
        -0.9552799841621871,
        0.22707119758616373,
        -0.18941706123228963,
        0.0,
        -0.3040899932384491,
        2.4404006004333496,
        22.321529388427734,
        1.0
      ],
      "name": "IMG_3489"
    },
    {
      "name": "Object_94"
    },
    {
      "children": [
        96
      ],
      "matrix": [
        -0.37410207230667103,
        -0.8413114416688254,
        -0.3901829027686591,
        0.0,
        -0.3850538023335768,
        -0.2418420388641671,
        0.8906435861479483,
        0.0,
        -0.8436712682107345,
        0.48343302158121687,
        -0.2334765616513692,
        0.0,
        0.13642962276935577,
        2.2607553005218506,
        22.459613800048828,
        1.0
      ],
      "name": "IMG_3491"
    },
    {
      "name": "Object_96"
    },
    {
      "children": [
        98
      ],
      "matrix": [
        -0.4671691450642703,
        -0.7807443220011387,
        -0.4149593878476556,
        0.0,
        -0.49378529846252706,
        -0.15892906507473703,
        0.8549372089789653,
        0.0,
        -0.7334364791324413,
        0.6043011301805188,
        -0.311273312605427,
        0.0,
        0.41524359583854675,
        2.170549154281616,
        22.640188217163086,
        1.0
      ],
      "name": "IMG_3492"
    },
    {
      "name": "Object_98"
    },
    {
      "children": [
        100
      ],
      "matrix": [
        -0.5441082254689489,
        -0.6232279622519368,
        -0.5617233714599474,
        0.0,
        -0.6394026002791287,
        -0.12547465641371436,
        0.7585647140186189,
        0.0,
        -0.5432407879875372,
        0.7719086847970806,
        -0.3302217869879589,
        0.0,
        0.5005460977554321,
        1.7899256944656372,
        22.81241226196289,
        1.0
      ],
      "name": "IMG_3493"
    },
    {
      "name": "Object_100"
    },
    {
      "children": [
        102
      ],
      "matrix": [
        -0.20323630636606715,
        -0.6395323869733847,
        -0.7414130628649614,
        0.0,
        -0.6374212195492193,
        -0.4883618071924498,
        0.5959840049398228,
        0.0,
        -0.7432288965339441,
        0.593718006538331,
        -0.30839866418174733,
        0.0,
        -0.6152394413948059,
        0.9732537865638733,
        22.439199447631836,
        1.0
      ],
      "name": "IMG_3494"
    },
    {
      "name": "Object_102"
    },
    {
      "children": [
        104
      ],
      "matrix": [
        -0.2514170511344589,
        -0.6166967975029348,
        -0.7459722021285226,
        0.0,
        -0.681672556346634,
        -0.43432224307463674,
        0.5888010827898174,
        0.0,
        -0.687104062222527,
        0.6565434099282701,
        -0.3111892648486796,
        0.0,
        -0.5125702619552612,
        0.9030455946922302,
        22.493450164794922,
        1.0
      ],
      "name": "IMG_3495"
    },
    {
      "name": "Object_104"
    },
    {
      "children": [
        106
      ],
      "matrix": [
        -0.2808598248665535,
        -0.5852849796707882,
        -0.7606308246105294,
        0.0,
        -0.7024754842957146,
        -0.414644888251674,
        0.5784443020812444,
        0.0,
        -0.6539464448557161,
        0.6967862722661244,
        -0.29469125884906755,
        0.0,
        -0.4930780827999115,
        0.8638279438018799,
        22.51158905029297,
        1.0
      ],
      "name": "IMG_3496"
    },
    {
      "name": "Object_106"
    },
    {
      "children": [
        108
      ],
      "matrix": [
        -0.35169868371377566,
        -0.5023138504667636,
        -0.7899296370584226,
        0.0,
        -0.7807523684050138,
        -0.308155436798208,
        0.5435678117785002,
        0.0,
        -0.5164627528718397,
        0.8079115189183524,
        -0.28380486693339435,
        0.0,
        -0.4513724446296692,
        0.7554119825363159,
        22.568382263183594,
        1.0
      ],
      "name": "IMG_3497"
    },
    {
      "name": "Object_108"
    },
    {
      "children": [
        110
      ],
      "matrix": [
        -0.3468249500231684,
        -0.40508410001166895,
        -0.8459428621125443,
        0.0,
        -0.8703284596398049,
        -0.19721368360041724,
        0.45125949889366235,
        0.0,
        -0.34962955593375045,
        0.8927562012769729,
        -0.28415759482913305,
        0.0,
        -0.4461710453033447,
        0.6369702816009521,
        22.62667465209961,
        1.0
      ],
      "name": "IMG_3498"
    },
    {
      "name": "Object_110"
    },
    {
      "children": [
        112
      ],
      "matrix": [
        -0.3235857030205942,
        -0.33110319234764085,
        -0.8863763133217567,
        0.0,
        -0.9214563666613331,
        -0.1025540529422071,
        0.3747009882084936,
        0.0,
        -0.2149661767347658,
        0.9380049798600901,
        -0.2719121192917102,
        0.0,
        -0.4927736222743988,
        0.5844203233718872,
        22.630983352661133,
        1.0
      ],
      "name": "IMG_3499"
    },
    {
      "name": "Object_112"
    },
    {
      "children": [
        114
      ],
      "matrix": [
        -0.25678317902132175,
        -0.26902278985063166,
        -0.9282721247094985,
        0.0,
        -0.9664627872920097,
        0.0749308137055602,
        0.24563194811990974,
        0.0,
        0.003475593685008216,
        0.9602146175196488,
        -0.2792414878740823,
        0.0,
        -0.5431355834007263,
        0.48507121205329895,
        22.659914016723633,
        1.0
      ],
      "name": "IMG_3500"
    },
    {
      "name": "Object_114"
    },
    {
      "children": [
        116
      ],
      "matrix": [
        -0.24680114524775254,
        -0.20838741789649468,
        -0.9463952022103819,
        0.0,
        -0.9621977714371341,
        0.16876408035299817,
        0.21376186241708206,
        0.0,
        0.11517223339768329,
        0.9633760269204537,
        -0.24216107740334958,
        0.0,
        -0.6413769721984863,
        0.4347262680530548,
        22.68324089050293,
        1.0
      ],
      "name": "IMG_3501"
    },
    {
      "name": "Object_116"
    },
    {
      "children": [
        118
      ],
      "matrix": [
        -0.12304286970739575,
        -0.0742554201249705,
        -0.989619414116474,
        0.0,
        -0.9232677266121903,
        0.37424286451659694,
        0.08671207156313449,
        0.0,
        0.36391916301635857,
        0.9243529688060057,
        -0.11460554894505304,
        0.0,
        -0.7652696967124939,
        0.28942781686782837,
        22.721904754638672,
        1.0
      ],
      "name": "IMG_3502"
    },
    {
      "name": "Object_118"
    },
    {
      "children": [
        120
      ],
      "matrix": [
        -0.31873613295830383,
        -0.07962613330150986,
        -0.9444929626218699,
        0.0,
        -0.9200796729422489,
        0.2654032059814715,
        0.2881224283065118,
        0.0,
        0.2277293854232934,
        0.9608438047623593,
        -0.15785597823497954,
        0.0,
        -0.48232972621917725,
        0.2680165767669678,
        22.711910247802734,
        1.0
      ],
      "name": "IMG_3503"
    },
    {
      "name": "Object_120"
    },
    {
      "children": [
        122
      ],
      "matrix": [
        -0.275624054757154,
        -0.045257296355957544,
        -0.9601995404944612,
        0.0,
        -0.9183334463014549,
        0.3075847771406327,
        0.24910898473447368,
        0.0,
        0.28406876252646707,
        0.9504437816083056,
        -0.12633905238992948,
        0.0,
        -0.5164341330528259,
        0.2150360345840454,
        22.69983673095703,
        1.0
      ],
      "name": "IMG_3504"
    },
    {
      "name": "Object_122"
    },
    {
      "children": [
        124
      ],
      "matrix": [
        -0.21647145048768635,
        0.06432035650973478,
        -0.9741678514825963,
        0.0,
        -0.851788692714239,
        0.47515229975035234,
        0.2206497564152728,
        0.0,
        0.47707036597123176,
        0.8775495335195684,
        -0.04806955514317801,
        0.0,
        -0.5835005044937134,
        0.13177379965782166,
        22.721817016601563,
        1.0
      ],
      "name": "IMG_3505"
    },
    {
      "name": "Object_124"
    },
    {
      "children": [
        126
      ],
      "matrix": [
        -0.06310660166939308,
        0.1661872342903719,
        -0.9840728428244819,
        0.0,
        -0.7169052871269979,
        0.6784334612791298,
        0.16054546990238067,
        0.0,
        0.6943085525291312,
        0.7156185029579214,
        0.07632687671565108,
        0.0,
        -0.8910143375396729,
        0.04062827676534653,
        22.651264190673828,
        1.0
      ],
      "name": "IMG_3506"
    },
    {
      "name": "Object_126"
    },
    {
      "children": [
        128
      ],
      "matrix": [
        0.09721127798925899,
        0.243729413638523,
        -0.9649590355860278,
        0.0,
        -0.5203696264418941,
        0.8389185520716884,
        0.15947136064718737,
        0.0,
        0.8483898981649998,
        0.48663295810843255,
        0.20838172850376768,
        0.0,
        -1.0624092817306519,
        -0.03072970174252987,
        22.635147094726563,
        1.0
      ],
      "name": "IMG_3507"
    },
    {
      "name": "Object_128"
    },
    {
      "children": [
        130
      ],
      "matrix": [
        0.13311954801362247,
        0.261362439895175,
        -0.9560171865341593,
        0.0,
        -0.4641576012603675,
        0.8687204495156863,
        0.17286555985934737,
        0.0,
        0.8756922445293611,
        0.4207308588697827,
        0.23695703675102053,
        0.0,
        -1.1472474336624146,
        -0.056350938975811005,
        22.641098022460938,
        1.0
      ],
      "name": "IMG_3508"
    },
    {
      "name": "Object_130"
    },
    {
      "children": [
        132
      ],
